{
	"asset": {
		"generator": "SOLIDWORKSGLTF",
		"version" : "2.0"
	},
"extensionsUsed": [ "KHR_lights_punctual", "Solidworks_custom_properties", "KHR_draco_mesh_compression"],
"extensionsRequired": [ "KHR_draco_mesh_compression" ],
	"scene" : 0,
	"scenes": [
		{
			"name": "Predeterminado - Estado de visualización-1",
			"nodes": [
				0, 1]
		}
	],
	"nodes": [
		{
			"matrix": [
				0.339375,					0.0255071,					0.940305,					0,
				0.442413,					0.87784,					-0.183489,					0,
				-0.830117,					0.478275,					0.286632,					0,
				-12.183,					7.22082,					4.10311,					1
			]
			,"camera": 0
			,"name": "current"		}
,
		{
			"children": [
				2, 19, 20, 21, 80, 92, 93, 94, 95, 96, 97, 98, 99, 116, 117, 118, 119, 120, 121, 122, 123, 124, 125, 126, 127, 128, 129, 130, 131, 132, 133, 134, 135, 136, 137, 161, 162, 163, 164, 165
			]
			,"name": "vtec_s4"		}
,
		{
			"children": [
				3, 4, 5, 6, 7, 8, 16, 17, 18
			]
			,"matrix": [
				1.11022e-16,					5.05105e-17,					-1,					0,
				1.36492e-16,					1,					4.23368e-17,					0,
				1,					-1.66549e-16,					1.66533e-16,					0,
				-0.0206604,					-0.062,					-0.272996,					1
			]
			,"name": "flotador_assembly-1"		}
,
		{
			"matrix": [
				5.55112e-17,					1.14963e-15,					-1,					0,
				-1.87641e-15,					1,					1.14963e-15,					0,
				1,					1.87641e-15,					5.55112e-17,					0,
				0,					0.052,					0.91266,					1
			]
			,"mesh": 0
			,"name": "escuadra-5"		}
,
		{
			"matrix": [
				1.11022e-16,					1.36492e-16,					1,					0,
				5.05105e-17,					1,					-1.66549e-16,					0,
				-1,					4.23368e-17,					1.66533e-16,					0,
				0,					0.052,					0.0406604,					1
			]
			,"mesh": 1
			,"name": "escuadra-2"		}
,
		{
			"matrix": [
				1.11022e-16,					1.36492e-16,					1,					0,
				5.05105e-17,					1,					-1.66549e-16,					0,
				-1,					4.23368e-17,					1.66533e-16,					0,
				-0.08,					0.052,					0.0406604,					1
			]
			,"mesh": 2
			,"name": "escuadra-3"		}
,
		{
			"matrix": [
				5.55112e-17,					1.14963e-15,					-1,					0,
				-1.87641e-15,					1,					1.14963e-15,					0,
				1,					1.87641e-15,					5.55112e-17,					0,
				0.08,					0.052,					0.91266,					1
			]
			,"mesh": 3
			,"name": "escuadra-4"		}
,
		{
			"matrix": [
				5.55112e-17,					1.14963e-15,					-1,					0,
				-1.87641e-15,					1,					1.14963e-15,					0,
				1,					1.87641e-15,					5.55112e-17,					0,
				-0.08,					0.052,					0.91266,					1
			]
			,"mesh": 4
			,"name": "escuadra-6"		}
,
		{
			"children": [
				9, 10, 11, 12, 13, 14, 15
			]
			,"matrix": [
				1,					2.50459e-18,					-4.98421e-17,					0,
				4.98421e-17,					-5.78125e-17,					1,					0,
				2.50459e-18,					-1,					-5.78125e-17,					0,
				0.033706,					-0.19754,					0.0801519,					1
			]
			,"name": "thruster_mount_assembly-1"		}
,
		{
			"matrix": [
				-1,					-8.22704e-16,					-1.51746e-16,					0,
				1.51746e-16,					-2.00131e-16,					-1,					0,
				8.22704e-16,					-1,					2.00131e-16,					0,
				0.016294,					0.0519294,					0.05662,					1
			]
			,"mesh": 5
			,"name": "T200-THRUSTER-R1-3"		}
,
		{
			"matrix": [
				1,					0,					0,					0,
				0,					1,					0,					0,
				0,					0,					1,					0,
				0.016294,					0.0519294,					0.00508,					1
			]
			,"mesh": 6
			,"name": "Thuster_conector-3"		}
,
		{
			"matrix": [
				1,					0,					0,					0,
				0,					1,					0,					0,
				0,					0,					1,					0,
				-0.048706,					0.00984807,					-0.00254,					1
			]
			,"mesh": 7
			,"name": "PENETRATOR-M-BOLT-6MM-10-25-R2-2"		}
,
		{
			"matrix": [
				1,					0,					0,					0,
				0,					1,					0,					0,
				0,					0,					1,					0,
				-0.033706,					0.0348481,					-0.00254,					1
			]
			,"mesh": 8
			,"name": "thruster_mount-1"		}
,
		{
			"matrix": [
				-1,					2.22045e-16,					1.68093e-16,					0,
				-1.59919e-16,					-2.00131e-16,					-1,					0,
				-1.66533e-16,					-1,					1.70074e-16,					0,
				-0.083706,					0.0519294,					0.05662,					1
			]
			,"mesh": 9
			,"name": "T200-THRUSTER-R1-2"		}
,
		{
			"matrix": [
				1,					0,					0,					0,
				0,					1,					0,					0,
				0,					0,					1,					0,
				-0.018706,					0.00984807,					-0.00254,					1
			]
			,"mesh": 10
			,"name": "PENETRATOR-M-BOLT-6MM-10-25-R2-1"		}
,
		{
			"matrix": [
				1,					0,					0,					0,
				0,					1,					0,					0,
				0,					0,					1,					0,
				-0.083706,					0.0519294,					0.00508,					1
			]
			,"mesh": 11
			,"name": "Thuster_conector-1"		}
,
		{
			"matrix": [
				-1,					-2.97563e-20,					9.20471e-17,					0,
				-2.97563e-20,					1,					-1.68835e-16,					0,
				-9.20471e-17,					-1.68835e-16,					-1,					0,
				0,					0.002,					-8.32667e-17,					1
			]
			,"mesh": 12
			,"name": "tapaflotador-der-1"		}
,
		{
			"matrix": [
				1,					7.14775e-19,					-8.95356e-17,					0,
				-7.45886e-18,					-1,					2.30137e-18,					0,
				-3.40244e-17,					2.77556e-17,					-1,					0,
				0,					0,					0,					1
			]
			,"mesh": 13
			,"name": "flotador-1"		}
,
		{
			"matrix": [
				1.11022e-16,					1.36492e-16,					1,					0,
				5.05105e-17,					1,					-1.66549e-16,					0,
				-1,					4.23368e-17,					1.66533e-16,					0,
				0.08,					0.052,					0.0406604,					1
			]
			,"mesh": 14
			,"name": "escuadra-1"		}
,
		{
			"matrix": [
				1,					0,					0,					0,
				0,					1,					0,					0,
				0,					0,					1,					0,
				0.912,					-5.24342e-17,					-7.90924e-17,					1
			]
			,"mesh": 15
			,"name": "Perfil Estructural 6061 Paramétrico-2"		}
,
		{
			"matrix": [
				-3.46945e-18,					1.11022e-16,					1,					0,
				-2.754e-18,					1,					-1.11022e-16,					0,
				-1,					-2.754e-18,					-3.46945e-18,					0,
				0.456,					0.02,					-0.19628,					1
			]
			,"mesh": 16
			,"name": "Perfil Estructural 6061 Paramétrico-3"		}
,
		{
			"children": [
				22, 42, 48, 54, 74, 75, 76, 77, 78, 79
			]
			,"matrix": [
				1,					3.38165e-16,					8.47123e-17,					0,
				3.37415e-16,					-1,					1.1964e-16,					0,
				8.51478e-17,					-1.20107e-16,					-1,					0,
				0.984,					-0.0667008,					0.00681376,					1
			]
			,"name": "intake_assembly-3"		}
,
		{
			"children": [
				23, 24, 25, 26, 27, 28, 29, 30, 31, 32, 33, 34, 35, 36, 37, 38, 39, 40, 41
			]
			,"matrix": [
				0.460284,					0.887772,					-1.46104e-13,					0,
				-4.23934e-14,					1.86556e-13,					1,					0,
				0.887772,					-0.460284,					1.23505e-13,					0,
				0.0407319,					0.0949054,					0.116093,					1
			]
			,"name": "i_base_assembly-4"		}
,
		{
			"matrix": [
				-0.0719911,					2.67403e-13,					0.997405,					0,
				2.89133e-13,					1,					-2.47229e-13,					0,
				-0.997405,					2.7058e-13,					-0.0719911,					0,
				0.000415925,					-0.189929,					0.011,					1
			]
			,"mesh": 17
			,"name": "BaleroSmall-4"		}
,
		{
			"matrix": [
				1,					0,					0,					0,
				0,					1,					0,					0,
				0,					0,					1,					0,
				0.000415915,					-0.182929,					0.011,					1
			]
			,"mesh": 18
			,"name": "BaleroSmall-5"		}
,
		{
			"matrix": [
				0.102508,					-2.75816e-13,					-0.994732,					0,
				2.90355e-13,					1,					-2.47354e-13,					0,
				0.994732,					-2.63465e-13,					0.102508,					0,
				-0.0194255,					-0.169429,					0.0135136,					1
			]
			,"mesh": 19
			,"name": "rubber_cable-3"		}
,
		{
			"matrix": [
				0.0902603,					-2.1068e-13,					0.995918,					0,
				-6.50436e-13,					1,					2.70495e-13,					0,
				-0.995918,					-6.72201e-13,					0.0902603,					0,
				0.000415925,					-0.193429,					0.011,					1
			]
			,"mesh": 20
			,"name": "tube_i_connector-2"		}
,
		{
			"matrix": [
				0.775866,					-3.81084e-13,					-0.630898,					0,
				2.9032e-13,					1,					-2.47009e-13,					0,
				0.630898,					8.48788e-15,					0.775866,					0,
				-0.0153914,					-0.169429,					-0.00125263,					1
			]
			,"mesh": 21
			,"name": "rubber_cable-2"		}
,
		{
			"matrix": [
				0.994732,					-2.6322e-13,					0.102508,					0,
				2.90051e-13,					1,					-2.4679e-13,					0,
				-0.102508,					2.75224e-13,					0.994732,					0,
				-0.00209766,					-0.169429,					-0.00884142,					1
			]
			,"mesh": 22
			,"name": "rubber_cable-1"		}
,
		{
			"matrix": [
				-0.125679,					-2.08984e-13,					-0.992071,					0,
				-0.992071,					3.18872e-13,					0.125679,					0,
				2.90079e-13,					1,					-2.47403e-13,					0,
				0.000415925,					-0.164429,					0.011,					1
			]
			,"mesh": 23
			,"name": "CableTensor-1"		}
,
		{
			"matrix": [
				1,					0,					0,					0,
				0,					1,					0,					0,
				0,					0,					1,					0,
				0.000415915,					0.00107098,					0.011,					1
			]
			,"mesh": 24
			,"name": "BaleroSmall-1"		}
,
		{
			"matrix": [
				-0.992071,					3.18678e-13,					0.125679,					0,
				0.125679,					2.08873e-13,					0.992071,					0,
				2.899e-13,					1,					-2.47268e-13,					0,
				0.000415925,					-0.024429,					0.011,					1
			]
			,"mesh": 25
			,"name": "CableTensor-2"		}
,
		{
			"matrix": [
				0.0902603,					2.20009e-13,					0.995918,					0,
				2.88946e-13,					1,					-2.47096e-13,					0,
				-0.995918,					3.10065e-13,					0.0902603,					0,
				0.000415925,					-0.00942902,					0.011,					1
			]
			,"mesh": 26
			,"name": "tube_i_connector-1"		}
,
		{
			"matrix": [
				-0.972339,					3.39758e-13,					0.233573,					0,
				0.233573,					1.72725e-13,					0.972339,					0,
				2.89921e-13,					1,					-2.47224e-13,					0,
				0.000415925,					-0.079429,					0.011,					1
			]
			,"mesh": 27
			,"name": "ThinBar_I-2"		}
,
		{
			"matrix": [
				0.975923,					-2.28882e-13,					0.218115,					0,
				0.218115,					-3.04483e-13,					-0.975923,					0,
				2.89689e-13,					1,					-2.47148e-13,					0,
				0.000415925,					-0.209429,					0.011,					1
			]
			,"mesh": 28
			,"name": "ThinBar_I-1"		}
,
		{
			"matrix": [
				-0.996386,					2.67963e-13,					-0.084938,					0,
				-0.084938,					2.71046e-13,					0.996386,					0,
				2.89921e-13,					1,					-2.47224e-13,					0,
				0.000415925,					-0.094429,					0.011,					1
			]
			,"mesh": 29
			,"name": "thin_bar_connector-1"		}
,
		{
			"matrix": [
				-0.0719911,					2.67403e-13,					0.997405,					0,
				2.89133e-13,					1,					-2.47229e-13,					0,
				-0.997405,					2.7058e-13,					-0.0719911,					0,
				0.000415925,					-0.00592902,					0.011,					1
			]
			,"mesh": 30
			,"name": "BaleroSmall-3"		}
,
		{
			"matrix": [
				-0.775866,					3.80737e-13,					0.630898,					0,
				2.89523e-13,					1,					-2.47439e-13,					0,
				-0.630898,					-9.32478e-15,					-0.775866,					0,
				0.0162233,					-0.169429,					0.0232526,					1
			]
			,"mesh": 31
			,"name": "rubber_cable-6"		}
,
		{
			"matrix": [
				0.630898,					8.73265e-15,					0.775866,					0,
				2.89706e-13,					1,					-2.46826e-13,					0,
				-0.775866,					3.80492e-13,					0.630898,					0,
				0.0126686,					-0.169429,					-0.00480737,					1
			]
			,"mesh": 32
			,"name": "rubber_cable-8"		}
,
		{
			"matrix": [
				-0.994732,					2.62873e-13,					-0.102508,					0,
				2.89791e-13,					1,					-2.47658e-13,					0,
				0.102508,					-2.76061e-13,					-0.994732,					0,
				0.00292951,					-0.169429,					0.0308414,					1
			]
			,"mesh": 33
			,"name": "rubber_cable-5"		}
,
		{
			"matrix": [
				-0.630898,					-9.08002e-15,					-0.775866,					0,
				2.90136e-13,					1,					-2.47623e-13,					0,
				0.775866,					-3.81329e-13,					-0.630898,					0,
				-0.0118367,					-0.169429,					0.0268074,					1
			]
			,"mesh": 34
			,"name": "rubber_cable-4"		}
,
		{
			"matrix": [
				-0.102508,					2.75468e-13,					0.994732,					0,
				2.89487e-13,					1,					-2.47094e-13,					0,
				-0.994732,					2.62628e-13,					-0.102508,					0,
				0.0202573,					-0.169429,					0.00848642,					1
			]
			,"mesh": 35
			,"name": "rubber_cable-7"		}
,
		{
			"children": [
				43, 44, 45, 46, 47
			]
			,"matrix": [
				-0.231356,					-0.972869,					-1.39617e-16,					0,
				0.972869,					-0.231356,					5.76111e-17,					0,
				-7.96421e-17,					-1.13153e-16,					1,					0,
				0.0163376,					-0.0992532,					0.294458,					1
			]
			,"name": "v_side_assembly-3"		}
,
		{
			"matrix": [
				0.998489,					0.0549513,					-1.02111e-17,					0,
				1.05488e-17,					-5.99164e-18,					-1,					0,
				-0.0549513,					0.998489,					6.56482e-18,					0,
				-0.0598671,					-0.03103,					-0.172794,					1
			]
			,"mesh": 36
			,"name": "tube_v_connector-1"		}
,
		{
			"matrix": [
				8.32667e-17,					-1,					-5.99271e-18,					0,
				-1.05526e-17,					5.99271e-18,					1,					0,
				-1,					-8.32667e-17,					1.05526e-17,					0,
				-0.0598671,					-0.03103,					-0.176794,					1
			]
			,"mesh": 37
			,"name": "Balero-1"		}
,
		{
			"matrix": [
				-0.230431,					0.851058,					-0.471808,					0,
				0.123306,					-0.45541,					-0.881701,					0,
				-0.965245,					-0.261348,					5.55112e-17,					0,
				-0.11199,					-0.0451428,					-0.180794,					1
			]
			,"mesh": 38
			,"name": "ThinBar-2"		}
,
		{
			"matrix": [
				-0.130394,					-0.837469,					-0.530701,					0,
				-0.0816468,					-0.524383,					0.847559,					0,
				-0.988095,					0.153847,					-1.38778e-17,					0,
				-0.113224,					-0.0227223,					-0.180794,					1
			]
			,"mesh": 39
			,"name": "ThinBar-1"		}
,
		{
			"matrix": [
				-0.930446,					0.366429,					1.20145e-17,					0,
				-1.05526e-17,					5.99271e-18,					1,					0,
				0.366429,					0.930446,					1.70911e-18,					0,
				-0.0598671,					-0.03103,					-0.184794,					1
			]
			,"mesh": 40
			,"name": "Balero-2"		}
,
		{
			"children": [
				49, 50, 51, 52, 53
			]
			,"matrix": [
				-0.231356,					-0.972869,					-1.39617e-16,					0,
				0.972869,					-0.231356,					5.76111e-17,					0,
				-7.96421e-17,					-1.13153e-16,					1,					0,
				0.0163376,					-0.0992532,					0.110458,					1
			]
			,"name": "v_side_assembly-1"		}
,
		{
			"matrix": [
				0.998489,					0.0549513,					-1.02111e-17,					0,
				1.05488e-17,					-5.99164e-18,					-1,					0,
				-0.0549513,					0.998489,					6.56482e-18,					0,
				-0.0598671,					-0.03103,					-0.172794,					1
			]
			,"mesh": 41
			,"name": "tube_v_connector-1"		}
,
		{
			"matrix": [
				8.32667e-17,					-1,					-5.99271e-18,					0,
				-1.05526e-17,					5.99271e-18,					1,					0,
				-1,					-8.32667e-17,					1.05526e-17,					0,
				-0.0598671,					-0.03103,					-0.176794,					1
			]
			,"mesh": 42
			,"name": "Balero-1"		}
,
		{
			"matrix": [
				-0.230431,					0.851058,					-0.471808,					0,
				0.123306,					-0.45541,					-0.881701,					0,
				-0.965245,					-0.261348,					5.55112e-17,					0,
				-0.11199,					-0.0451428,					-0.180794,					1
			]
			,"mesh": 43
			,"name": "ThinBar-2"		}
,
		{
			"matrix": [
				-0.130394,					-0.837469,					-0.530701,					0,
				-0.0816468,					-0.524383,					0.847559,					0,
				-0.988095,					0.153847,					-1.38778e-17,					0,
				-0.113224,					-0.0227223,					-0.180794,					1
			]
			,"mesh": 44
			,"name": "ThinBar-1"		}
,
		{
			"matrix": [
				-0.930446,					0.366429,					1.20145e-17,					0,
				-1.05526e-17,					5.99271e-18,					1,					0,
				0.366429,					0.930446,					1.70911e-18,					0,
				-0.0598671,					-0.03103,					-0.184794,					1
			]
			,"mesh": 45
			,"name": "Balero-2"		}
,
		{
			"children": [
				55, 56, 57, 58, 59, 60, 61, 62, 63, 64, 65, 66, 67, 68, 69, 70, 71, 72, 73
			]
			,"matrix": [
				-0.121033,					0.992648,					-1.46055e-13,					0,
				-1.04911e-13,					-1.59981e-13,					-1,					0,
				-0.992648,					-0.121033,					1.2346e-13,					0,
				0.00682319,					0.101023,					-0.0727653,					1
			]
			,"name": "i_base_assembly-1"		}
,
		{
			"matrix": [
				-0.0719911,					2.66851e-13,					0.997405,					0,
				2.89188e-13,					1,					-2.46672e-13,					0,
				-0.997405,					2.70679e-13,					-0.0719911,					0,
				0.000415925,					-0.189929,					0.011,					1
			]
			,"mesh": 46
			,"name": "BaleroSmall-4"		}
,
		{
			"matrix": [
				0.775866,					-3.80918e-13,					-0.630898,					0,
				2.90566e-13,					1,					-2.46439e-13,					0,
				0.630898,					7.88625e-15,					0.775866,					0,
				-0.0153914,					-0.169429,					-0.00125263,					1
			]
			,"mesh": 47
			,"name": "rubber_cable-2"		}
,
		{
			"matrix": [
				-0.994732,					2.63181e-13,					-0.102508,					0,
				2.89972e-13,					1,					-2.46908e-13,					0,
				0.102508,					-2.75379e-13,					-0.994732,					0,
				0.00292951,					-0.169429,					0.0308414,					1
			]
			,"mesh": 48
			,"name": "rubber_cable-5"		}
,
		{
			"matrix": [
				0.630898,					8.13102e-15,					0.775866,					0,
				2.89748e-13,					1,					-2.46089e-13,					0,
				-0.775866,					3.80129e-13,					0.630898,					0,
				0.0126686,					-0.169429,					-0.00480737,					1
			]
			,"mesh": 49
			,"name": "rubber_cable-8"		}
,
		{
			"matrix": [
				0.0902603,					2.19417e-13,					0.995918,					0,
				2.88977e-13,					1,					-2.46469e-13,					0,
				-0.995918,					3.10099e-13,					0.0902603,					0,
				0.000415925,					-0.193429,					0.011,					1
			]
			,"mesh": 50
			,"name": "tube_i_connector-2"		}
,
		{
			"matrix": [
				0.102508,					-2.75273e-13,					-0.994732,					0,
				2.90411e-13,					1,					-2.46756e-13,					0,
				0.994732,					-2.63634e-13,					0.102508,					0,
				-0.0194255,					-0.169429,					0.0135136,					1
			]
			,"mesh": 51
			,"name": "rubber_cable-3"		}
,
		{
			"matrix": [
				-0.630898,					-8.47838e-15,					-0.775866,					0,
				2.90178e-13,					1,					-2.46887e-13,					0,
				0.775866,					-3.81033e-13,					-0.630898,					0,
				-0.0118367,					-0.169429,					0.0268074,					1
			]
			,"mesh": 52
			,"name": "rubber_cable-4"		}
,
		{
			"matrix": [
				1,					0,					0,					0,
				0,					1,					0,					0,
				0,					0,					1,					0,
				0.000415915,					-0.182929,					0.011,					1
			]
			,"mesh": 53
			,"name": "BaleroSmall-5"		}
,
		{
			"matrix": [
				-0.775866,					3.80571e-13,					0.630898,					0,
				2.89717e-13,					1,					-2.46827e-13,					0,
				-0.630898,					-8.72327e-15,					-0.775866,					0,
				0.0162233,					-0.169429,					0.0232526,					1
			]
			,"mesh": 54
			,"name": "rubber_cable-6"		}
,
		{
			"matrix": [
				-0.102508,					2.74926e-13,					0.994732,					0,
				2.89543e-13,					1,					-2.46497e-13,					0,
				-0.994732,					2.62797e-13,					-0.102508,					0,
				0.0202573,					-0.169429,					0.00848642,					1
			]
			,"mesh": 55
			,"name": "rubber_cable-7"		}
,
		{
			"matrix": [
				-0.0719911,					2.66851e-13,					0.997405,					0,
				2.89188e-13,					1,					-2.46672e-13,					0,
				-0.997405,					2.70679e-13,					-0.0719911,					0,
				0.000415925,					-0.00592902,					0.011,					1
			]
			,"mesh": 56
			,"name": "BaleroSmall-3"		}
,
		{
			"matrix": [
				0.0902603,					2.19417e-13,					0.995918,					0,
				2.88977e-13,					1,					-2.46469e-13,					0,
				-0.995918,					3.10099e-13,					0.0902603,					0,
				0.000415925,					-0.00942902,					0.011,					1
			]
			,"mesh": 57
			,"name": "tube_i_connector-1"		}
,
		{
			"matrix": [
				1,					0,					0,					0,
				0,					1,					0,					0,
				0,					0,					1,					0,
				0.000415915,					0.00107098,					0.011,					1
			]
			,"mesh": 58
			,"name": "BaleroSmall-1"		}
,
		{
			"matrix": [
				-0.125679,					-2.08386e-13,					-0.992071,					0,
				-0.992071,					3.19049e-13,					0.125679,					0,
				2.9033e-13,					1,					-2.46832e-13,					0,
				0.000415925,					-0.164429,					0.011,					1
			]
			,"mesh": 59
			,"name": "CableTensor-1"		}
,
		{
			"matrix": [
				0.975923,					-2.29252e-13,					0.218115,					0,
				0.218115,					-3.0398e-13,					-0.975923,					0,
				2.90035e-13,					1,					-2.46658e-13,					0,
				0.000415925,					-0.209429,					0.011,					1
			]
			,"mesh": 60
			,"name": "ThinBar_I-1"		}
,
		{
			"matrix": [
				-0.996386,					2.68261e-13,					-0.084938,					0,
				-0.084938,					2.70498e-13,					0.996386,					0,
				2.90267e-13,					1,					-2.46735e-13,					0,
				0.000415925,					-0.094429,					0.011,					1
			]
			,"mesh": 61
			,"name": "thin_bar_connector-1"		}
,
		{
			"matrix": [
				0.994732,					-2.63529e-13,					0.102508,					0,
				2.90231e-13,					1,					-2.4604e-13,					0,
				-0.102508,					2.74542e-13,					0.994732,					0,
				-0.00209766,					-0.169429,					-0.00884142,					1
			]
			,"mesh": 62
			,"name": "rubber_cable-1"		}
,
		{
			"matrix": [
				-0.992071,					3.18855e-13,					0.125679,					0,
				0.125679,					2.08274e-13,					0.992071,					0,
				2.90099e-13,					1,					-2.46654e-13,					0,
				0.000415925,					-0.024429,					0.011,					1
			]
			,"mesh": 63
			,"name": "CableTensor-2"		}
,
		{
			"matrix": [
				-0.972339,					3.39869e-13,					0.233573,					0,
				0.233573,					1.72111e-13,					0.972339,					0,
				2.90267e-13,					1,					-2.46735e-13,					0,
				0.000415925,					-0.079429,					0.011,					1
			]
			,"mesh": 64
			,"name": "ThinBar_I-2"		}
,
		{
			"matrix": [
				1,					0,					0,					0,
				0,					1,					0,					0,
				0,					0,					1,					0,
				-6.65024e-14,					-0.0338313,					-0.0783362,					1
			]
			,"mesh": 65
			,"name": "Bar-1"		}
,
		{
			"matrix": [
				0.829674,					-0.558247,					-2.36898e-17,					0,
				8.70598e-17,					1.72005e-16,					-1,					0,
				0.558247,					0.829674,					1.9194e-16,					0,
				0.0302616,					0.0111438,					-0.0493362,					1
			]
			,"mesh": 66
			,"name": "motor-1"		}
,
		{
			"matrix": [
				-0.829674,					0.558247,					1.95448e-16,					0,
				-0.558247,					-0.829674,					-8.82204e-16,					0,
				-3.01606e-16,					-8.10197e-16,					1,					0,
				0.0302616,					0.0111438,					-0.0623362,					1
			]
			,"mesh": 67
			,"name": "motor_holder_front-1"		}
,
		{
			"matrix": [
				0.829674,					-0.558247,					-8.44748e-17,					0,
				-0.558247,					-0.829674,					-2.88447e-16,					0,
				7.52687e-17,					2.69647e-16,					-1,					0,
				0.0302616,					0.0111438,					0.0746638,					1
			]
			,"mesh": 68
			,"name": "motor_holder_front-2"		}
,
		{
			"matrix": [
				-5.4761e-17,					-1,					-4.67196e-19,					0,
				-4.35522e-19,					-4.67196e-19,					-1,					0,
				1,					-5.62613e-17,					4.35522e-19,					0,
				-6.63913e-14,					-0.0338313,					0.00681376,					1
			]
			,"mesh": 69
			,"name": "bar_holder-2"		}
,
		{
			"matrix": [
				-0.829674,					0.558247,					1.75212e-16,					0,
				-0.558247,					-0.829674,					-1.00594e-15,					0,
				-4.11838e-16,					-9.2774e-16,					1,					0,
				0.0302616,					0.0111438,					-0.0213362,					1
			]
			,"mesh": 70
			,"name": "motor_holder_not_front-1"		}
,
		{
			"children": [
				81, 82, 83, 84, 85, 86, 87, 88, 89, 90, 91
			]
			,"matrix": [
				5.8072e-16,					1.249e-16,					1,					0,
				3.4915e-16,					1,					-1.249e-16,					0,
				-1,					3.4915e-16,					5.8072e-16,					0,
				0.8335,					0.053,					-1.92904e-17,					1
			]
			,"name": "Gimball Estabilizadore-1"		}
,
		{
			"matrix": [
				-1,					1.45717e-16,					-4.31512e-16,					0,
				1.249e-16,					1,					-1.47911e-31,					0,
				4.31258e-16,					4.72477e-18,					-1,					0,
				-9.43256e-18,					0.073,					0.0161886,					1
			]
			,"mesh": 71
			,"name": "ZED-1"		}
,
		{
			"matrix": [
				-1.11466e-16,					0.650788,					0.759259,					0,
				1,					5.80507e-17,					9.7052e-17,					0,
				1.90848e-17,					0.759259,					-0.650788,					0,
				0.037975,					0.015,					-0.000611418,					1
			]
			,"mesh": 72
			,"name": "Balero 22mm-2"		}
,
		{
			"matrix": [
				0.906754,					0.42166,					6.93889e-18,					0,
				1.86446e-18,					2.29954e-32,					-1,					0,
				-0.42166,					0.906754,					1.38778e-17,					0,
				-9.19226e-19,					0.015,					-0.0260864,					1
			]
			,"mesh": 73
			,"name": "Balero 22mm-4"		}
,
		{
			"matrix": [
				-4.31512e-16,					7.99715e-32,					1,					0,
				1.38778e-17,					1,					8.22996e-31,					0,
				-1,					1.38778e-17,					-4.31512e-16,					0,
				-2.47198e-18,					-0.065,					-0.000611418,					1
			]
			,"mesh": 74
			,"name": "Tornillo eje estabilizador-1"		}
,
		{
			"matrix": [
				6.35274e-18,					-0.885677,					0.464302,					0,
				1,					5.80507e-17,					9.7052e-17,					0,
				-1.1291e-16,					0.464302,					0.885677,					0,
				-0.037975,					0.015,					-0.000611418,					1
			]
			,"mesh": 75
			,"name": "Balero 22mm-1"		}
,
		{
			"matrix": [
				0.642965,					0.765896,					-2.08167e-17,					0,
				-2.25327e-18,					6.93889e-18,					-1,					0,
				-0.765896,					0.642965,					6.93889e-18,					0,
				-1.27786e-18,					0.015,					0.0248636,					1
			]
			,"mesh": 76
			,"name": "Balero 22mm-3"		}
,
		{
			"matrix": [
				0.963306,					2.21867e-31,					0.268405,					0,
				1.97215e-31,					1,					-2.32282e-32,					0,
				-0.268405,					-8.01187e-32,					0.963306,					0,
				-4.90059e-18,					-0.2,					-0.000611418,					1
			]
			,"mesh": 77
			,"name": "Masa estabilizador-1"		}
,
		{
			"matrix": [
				0.931996,					3.21793e-17,					0.362467,					0,
				6.93889e-18,					1,					-1.17806e-31,					0,
				-0.362467,					-3.07532e-17,					0.931996,					0,
				-3.46945e-18,					-0.0015,					-0.000611418,					1
			]
			,"mesh": 78
			,"name": "Rosca ACME de laton-1"		}
,
		{
			"mesh": 79
			,"name": "Exterior-1"		}
,
		{
			"matrix": [
				-1,					4.43734e-30,					-3.15544e-30,					0,
				8.18443e-30,					1,					-2.32282e-32,					0,
				3.15544e-30,					2.32282e-32,					-1,					0,
				-1.31131e-18,					0.015,					-0.000611418,					1
			]
			,"mesh": 80
			,"name": "Medio-1"		}
,
		{
			"matrix": [
				-1,					1.38778e-17,					-4.31512e-16,					0,
				1.97215e-31,					1,					-1.21836e-31,					0,
				4.32079e-16,					-5.04934e-18,					-1,					0,
				-1.73472e-18,					0.015,					-0.000611418,					1
			]
			,"mesh": 81
			,"name": "Small-1"		}
,
		{
			"matrix": [
				1,					-3.41709e-16,					-4.57967e-16,					0,
				-3.41709e-16,					-1,					1.11022e-16,					0,
				-4.57967e-16,					-1.11022e-16,					-1,					0,
				0.782,					0.053,					1.07555e-17,					1
			]
			,"mesh": 82
			,"name": "escuadra-25"		}
,
		{
			"matrix": [
				1,					-2.13889e-17,					-2.77556e-17,					0,
				1.35644e-18,					-1,					1.10179e-16,					0,
				8.32667e-17,					-1.11302e-16,					-1,					0,
				0.02,					0.01,					-0.19628,					1
			]
			,"mesh": 83
			,"name": "escuadra-13"		}
,
		{
			"matrix": [
				-1,					-4.72597e-18,					-1.17961e-16,					0,
				-4.72597e-18,					1,					-6.49123e-16,					0,
				1.17961e-16,					-6.49123e-16,					-1,					0,
				0.762,					0.215,					-1.36987e-16,					1
			]
			,"mesh": 84
			,"name": "86-0101 REV B ENVELOPE, VLP-16-2"		}
,
		{
			"matrix": [
				1,					-4.90033e-16,					-3.95517e-16,					0,
				3.95517e-16,					2.71815e-16,					1,					0,
				-4.90033e-16,					-1,					2.71815e-16,					0,
				0.762,					0.214266,					-0.01,					1
			]
			,"mesh": 85
			,"name": "Chapa Soporte VLP-4"		}
,
		{
			"matrix": [
				-5.89806e-16,					-1.249e-16,					-1,					0,
				-1.65987e-18,					1,					-1.249e-16,					0,
				1,					1.65987e-18,					-5.89806e-16,					0,
				0.762,					0.21,					2.19923e-15,					1
			]
			,"mesh": 86
			,"name": "Soporte VLP-3"		}
,
		{
			"matrix": [
				1,					1.65987e-18,					0,					0,
				0,					-2.48863e-16,					-1,					0,
				-8.0574e-20,					1,					-2.498e-16,					0,
				0.762,					0.11,					-3.27516e-17,					1
			]
			,"mesh": 87
			,"name": "Perfil Estructural 6061 Paramétrico-9"		}
,
		{
			"mesh": 88
			,"name": "Perfil Estructural 6061 Paramétrico-1"		}
,
		{
			"children": [
				100, 101, 102, 103, 104, 105, 106, 107, 108
			]
			,"matrix": [
				-1.11022e-16,					-5.05105e-17,					-1,					0,
				1.36492e-16,					1,					-5.05105e-17,					0,
				1,					-1.36492e-16,					-1.11022e-16,					0,
				-0.0206604,					-0.062,					0.273004,					1
			]
			,"name": "flotador_assembly-4"		}
,
		{
			"matrix": [
				1.2326e-32,					1.11957e-15,					-1,					0,
				-1.88458e-15,					1,					1.11957e-15,					0,
				1,					1.88458e-15,					2.10774e-30,					0,
				-0.08,					0.052,					0.91266,					1
			]
			,"mesh": 89
			,"name": "escuadra-6"		}
,
		{
			"matrix": [
				1.2326e-32,					1.11957e-15,					-1,					0,
				-1.88458e-15,					1,					1.11957e-15,					0,
				1,					1.88458e-15,					2.10774e-30,					0,
				0.08,					0.052,					0.91266,					1
			]
			,"mesh": 90
			,"name": "escuadra-4"		}
,
		{
			"matrix": [
				-1.11022e-16,					1.36492e-16,					1,					0,
				-5.05105e-17,					1,					-1.36492e-16,					0,
				-1,					-5.05105e-17,					-1.11022e-16,					0,
				-0.08,					0.052,					0.0406604,					1
			]
			,"mesh": 91
			,"name": "escuadra-3"		}
,
		{
			"matrix": [
				1.2326e-32,					1.11957e-15,					-1,					0,
				-1.88458e-15,					1,					1.11957e-15,					0,
				1,					1.88458e-15,					2.10774e-30,					0,
				0,					0.052,					0.91266,					1
			]
			,"mesh": 92
			,"name": "escuadra-5"		}
,
		{
			"matrix": [
				-1.11022e-16,					1.36492e-16,					1,					0,
				-5.05105e-17,					1,					-1.36492e-16,					0,
				-1,					-5.05105e-17,					-1.11022e-16,					0,
				5.55112e-17,					0.052,					0.0406604,					1
			]
			,"mesh": 93
			,"name": "escuadra-2"		}
,
		{
			"matrix": [
				-1,					8.14388e-18,					3.6536e-17,					0,
				8.14388e-18,					1,					-1.38778e-16,					0,
				-3.6536e-17,					-1.38778e-16,					-1,					0,
				0,					0.002,					-9.02056e-17,					1
			]
			,"mesh": 94
			,"name": "tapaflotador-der-1"		}
,
		{
			"matrix": [
				1,					-7.45886e-18,					-3.40244e-17,					0,
				-5.66904e-18,					-1,					-2.77556e-17,					0,
				-1.98648e-17,					-1.249e-16,					-1,					0,
				0,					0,					0,					1
			]
			,"mesh": 95
			,"name": "flotador-1"		}
,
		{
			"matrix": [
				-1.11022e-16,					1.36492e-16,					1,					0,
				-5.05105e-17,					1,					-1.36492e-16,					0,
				-1,					-5.05105e-17,					-1.11022e-16,					0,
				0.08,					0.052,					0.0406604,					1
			]
			,"mesh": 96
			,"name": "escuadra-1"		}
,
		{
			"children": [
				109, 110, 111, 112, 113, 114, 115
			]
			,"matrix": [
				1,					-5.66904e-18,					5.66904e-18,					0,
				-5.66904e-18,					-2.77556e-17,					1,					0,
				-5.66904e-18,					-1,					-2.77556e-17,					0,
				0.033706,					-0.19754,					0.0801519,					1
			]
			,"name": "thruster_mount_assembly-1"		}
,
		{
			"matrix": [
				-1,					-8.78215e-16,					-1.59919e-16,					0,
				1.59919e-16,					-1.70074e-16,					-1,					0,
				8.78215e-16,					-1,					1.70074e-16,					0,
				0.016294,					0.0519294,					0.05662,					1
			]
			,"mesh": 97
			,"name": "T200-THRUSTER-R1-3"		}
,
		{
			"matrix": [
				1,					0,					0,					0,
				0,					1,					0,					0,
				0,					0,					1,					0,
				0.016294,					0.0519294,					0.00508,					1
			]
			,"mesh": 98
			,"name": "Thuster_conector-3"		}
,
		{
			"matrix": [
				1,					0,					0,					0,
				0,					1,					0,					0,
				0,					0,					1,					0,
				-0.048706,					0.00984807,					-0.00254,					1
			]
			,"mesh": 99
			,"name": "PENETRATOR-M-BOLT-6MM-10-25-R2-2"		}
,
		{
			"matrix": [
				1,					0,					0,					0,
				0,					1,					0,					0,
				0,					0,					1,					0,
				-0.033706,					0.0348481,					-0.00254,					1
			]
			,"mesh": 100
			,"name": "thruster_mount-1"		}
,
		{
			"matrix": [
				-1,					1.66533e-16,					1.59919e-16,					0,
				-1.59919e-16,					-1.70074e-16,					-1,					0,
				-1.66533e-16,					-1,					1.70074e-16,					0,
				-0.083706,					0.0519294,					0.05662,					1
			]
			,"mesh": 101
			,"name": "T200-THRUSTER-R1-2"		}
,
		{
			"matrix": [
				1,					0,					0,					0,
				0,					1,					0,					0,
				0,					0,					1,					0,
				-0.018706,					0.00984807,					-0.00254,					1
			]
			,"mesh": 102
			,"name": "PENETRATOR-M-BOLT-6MM-10-25-R2-1"		}
,
		{
			"matrix": [
				1,					0,					0,					0,
				0,					1,					0,					0,
				0,					0,					1,					0,
				-0.083706,					0.0519294,					0.00508,					1
			]
			,"mesh": 103
			,"name": "Thuster_conector-1"		}
,
		{
			"matrix": [
				-1,					-2.68969e-17,					-3.46945e-17,					0,
				2.68969e-17,					-1,					1.10179e-16,					0,
				-3.46945e-17,					1.10179e-16,					1,					0,
				0.892,					0.01,					-0.19628,					1
			]
			,"mesh": 104
			,"name": "escuadra-15"		}
,
		{
			"matrix": [
				-3.46945e-18,					1.11022e-16,					-1,					0,
				-2.754e-18,					1,					1.11022e-16,					0,
				1,					2.754e-18,					-3.46945e-18,					0,
				0.456,					0.02,					0.19628,					1
			]
			,"mesh": 105
			,"name": "Perfil Estructural 6061 Paramétrico-5"		}
,
		{
			"matrix": [
				1,					-2.13889e-17,					2.77556e-17,					0,
				-2.13889e-17,					-1,					-1.10179e-16,					0,
				2.77556e-17,					1.10179e-16,					-1,					0,
				0.02,					0.01,					0.19628,					1
			]
			,"mesh": 106
			,"name": "escuadra-16"		}
,
		{
			"matrix": [
				-1,					-2.68969e-17,					3.46945e-17,					0,
				2.68969e-17,					-1,					-1.10179e-16,					0,
				3.46945e-17,					-1.10179e-16,					1,					0,
				0.892,					0.01,					0.19628,					1
			]
			,"mesh": 107
			,"name": "escuadra-17"		}
,
		{
			"matrix": [
				1,					0,					0,					0,
				0,					1,					0,					0,
				0,					0,					1,					0,
				0.782,					-0.01,					0.193004,					1
			]
			,"mesh": 108
			,"name": "escuadra-40"		}
,
		{
			"matrix": [
				-1,					-1.29056e-17,					-5.55112e-17,					0,
				-1.29056e-17,					1,					-1.92593e-33,					0,
				5.55112e-17,					-1.20952e-33,					-1,					0,
				0.892,					-0.01,					-0.091004,					1
			]
			,"mesh": 109
			,"name": "escuadra-32"		}
,
		{
			"matrix": [
				1,					0,					0,					0,
				0,					1,					0,					0,
				0,					0,					1,					0,
				0.782,					-0.01,					-0.353004,					1
			]
			,"mesh": 110
			,"name": "escuadra-41"		}
,
		{
			"matrix": [
				1,					0,					0,					0,
				0,					1,					0,					0,
				0,					0,					1,					0,
				0.782,					-0.01,					-0.193004,					1
			]
			,"mesh": 111
			,"name": "escuadra-43"		}
,
		{
			"matrix": [
				1,					0,					0,					0,
				0,					1,					0,					0,
				0,					0,					1,					0,
				0.932,					-0.01,					-0.091004,					1
			]
			,"mesh": 112
			,"name": "escuadra-33"		}
,
		{
			"matrix": [
				0,					-2.91765e-16,					-1,					0,
				0,					1,					-2.91765e-16,					0,
				1,					0,					0,					0,
				0.852,					-0.02,					-0.091004,					1
			]
			,"mesh": 113
			,"name": "Perfil Estructural 6061 Paramétrico-11"		}
,
		{
			"matrix": [
				1.22465e-16,					2.48863e-16,					-1,					0,
				-2.48863e-16,					1,					2.48863e-16,					0,
				1,					2.48863e-16,					1.22465e-16,					0,
				0.762,					0.01,					-0.02,					1
			]
			,"mesh": 114
			,"name": "escuadra-30"		}
,
		{
			"matrix": [
				1,					0,					0,					0,
				0,					1,					0,					0,
				0,					0,					1,					0,
				0.782,					-0.01,					-0.091004,					1
			]
			,"mesh": 115
			,"name": "escuadra-31"		}
,
		{
			"matrix": [
				1,					0,					0,					0,
				0,					1,					0,					0,
				0,					0,					1,					0,
				0.762,					-5.24342e-17,					-7.90924e-17,					1
			]
			,"mesh": 116
			,"name": "Perfil Estructural 6061 Paramétrico-6"		}
,
		{
			"matrix": [
				1,					0,					0,					0,
				0,					1,					0,					0,
				0,					0,					1,					0,
				0.782,					-0.01,					-0.273004,					1
			]
			,"mesh": 117
			,"name": "escuadra-42"		}
,
		{
			"matrix": [
				1,					0,					0,					0,
				0,					1,					0,					0,
				0,					0,					1,					0,
				0.782,					-0.01,					0.273004,					1
			]
			,"mesh": 118
			,"name": "escuadra-39"		}
,
		{
			"matrix": [
				-6.25578e-16,					-2.02039e-16,					1,					0,
				-1,					5.55112e-17,					-6.25578e-16,					0,
				-5.55112e-17,					-1,					-2.02039e-16,					0,
				0.952,					-0.02,					-0.071004,					1
			]
			,"mesh": 119
			,"name": "escuadra-35"		}
,
		{
			"matrix": [
				1.25934e-16,					-1.11022e-16,					-1,					0,
				1.11022e-16,					1,					-1.11022e-16,					0,
				1,					-1.11022e-16,					1.25934e-16,					0,
				0.762,					0.01,					-0.21628,					1
			]
			,"mesh": 120
			,"name": "escuadra-45"		}
,
		{
			"matrix": [
				1,					0,					0,					0,
				0,					1,					0,					0,
				0,					0,					1,					0,
				0.932,					-0.01,					0.091004,					1
			]
			,"mesh": 121
			,"name": "escuadra-29"		}
,
		{
			"matrix": [
				1,					-1.11022e-16,					-6.16298e-33,					0,
				-1.11022e-16,					-1,					-3.16218e-17,					0,
				0,					3.16218e-17,					-1,					0,
				0.962,					-0.02,					-3.99987e-18,					1
			]
			,"mesh": 122
			,"name": "Perfil Estructural 6061 Paramétrico-12"		}
,
		{
			"matrix": [
				0,					-2.91765e-16,					1,					0,
				0,					1,					2.91765e-16,					0,
				-1,					1.73334e-33,					0,					0,
				0.852,					-0.02,					0.091004,					1
			]
			,"mesh": 123
			,"name": "Perfil Estructural 6061 Paramétrico-10"		}
,
		{
			"matrix": [
				1,					0,					0,					0,
				0,					1,					0,					0,
				0,					0,					1,					0,
				0.782,					-0.01,					0.091004,					1
			]
			,"mesh": 124
			,"name": "escuadra-27"		}
,
		{
			"children": [
				138, 139, 140, 143, 144, 145, 148, 149, 150, 151, 152, 153, 154, 155, 156, 157, 158, 159, 160
			]
			,"matrix": [
				0,					0,					-1,					0,
				0,					1,					0,					0,
				1,					0,					0,					0,
				0.258354,					0.03,					0,					1
			]
			,"name": "caja_assembly-1"		}
,
		{
			"matrix": [
				-1.22465e-16,					-9.8211e-34,					-1,					0,
				-1,					-6.84228e-49,					1.22465e-16,					0,
				-6.16298e-33,					1,					-1.02634e-47,					0,
				-0.0164552,					0.0079375,					0.107002,					1
			]
			,"mesh": 125
			,"name": "killswitch_pcb.step-4"		}
,
		{
			"matrix": [
				0,					0,					1,					0,
				0,					1,					0,					0,
				-1,					0,					0,					0,
				-0.088869,					0.0079375,					0.0458499,					1
			]
			,"mesh": 126
			,"name": "Jetson_holder2-1"		}
,
		{
			"children": [
				141, 142
			]
			,"matrix": [
				-1,					-1.90961e-16,					1.0842e-19,					0,
				-1.0842e-19,					-9.31978e-17,					-1,					0,
				4.13006e-16,					-1,					9.31978e-17,					0,
				-0.093312,					0.150186,					-0.0944832,					1
			]
			,"name": "Assem1-2"		}
,
		{
			"matrix": [
				1,					0,					0,					0,
				0,					1,					0,					0,
				0,					0,					1,					0,
				0.0346005,					-0.0357707,					0.100748,					1
			]
			,"mesh": 127
			,"name": "roboatpilap-1"		}
,
		{
			"matrix": [
				1,					-5.40464e-32,					-2.22045e-16,					0,
				2.22045e-16,					-3.2043e-31,					-1,					0,
				-5.40464e-32,					1,					3.2043e-31,					0,
				0.0346005,					0.114229,					0.100748,					1
			]
			,"mesh": 128
			,"name": "Part6^Assem1-1"		}
,
		{
			"matrix": [
				-1,					-1.92593e-34,					-1.45781e-16,					0,
				9.39374e-19,					1,					2.44275e-17,					0,
				1.11087e-16,					4.88551e-17,					-1,					0,
				0.0774845,					0.0129375,					0.169712,					1
			]
			,"mesh": 129
			,"name": "ELLIPSE-D.step-1"		}
,
		{
			"matrix": [
				-1,					-2.22045e-16,					-1.80867e-16,					0,
				2.36378e-16,					9.86076e-32,					-1,					0,
				1.66533e-16,					-1,					-2.46519e-32,					0,
				3.99491e-18,					0.201612,					-1.11022e-16,					1
			]
			,"mesh": 130
			,"name": "box_tapa_bien-1"		}
,
		{
			"children": [
				146, 147
			]
			,"matrix": [
				-1,					-2.86965e-16,					1.67357e-16,					0,
				-1.67357e-16,					-3.9605e-19,					-1,					0,
				7.31054e-16,					-1,					3.9605e-19,					0,
